1302250366 1783
1302250750 1784
1303269804 45019
1303391429 52089
1303392206 52106
1303663558 52157
1303770456 52157
1303838988 52944
1303839046 52944
1303870288 52988
1303871751 53995
1303925459 54195
1303925473 52805
1304014977 53145
1304015003 53145
1304034959 53226
1304034986 53231
1304035298 53231
1304037553 54116
1304043235 54128
1304043412 54128
1304050920 53370
1304051476 53370
1304058086 54255
1304059992 54260
1304060118 54260
1304060828 54658
1304062039 54658
1304066033 54616
1304077098 54833
1304077865 54874
1304115567 54907
1304412653 49474
1304421919 49534
1304474393 49609
1304475801 49611
1304478837 49612
1304478845 49088
1304481941 49067
1304481958 49067
1304482334 49077
1304485134 49079
1304486948 49063
1304487714 49084
1304487908 49094
1304488965 49094
1304489006 49984
1304492392 50023
1304492419 50209
1304494279 50232
1304494297 52474
1304494419 52463
1304499250 52281
1304499295 52300
1304544343 52326
1304545225 52337
1304594790 52498
1304595447 53058
1304596705 53059
1304602902 52970
1304605069 52963
1304619823 53019
1304648500 53049
1304648517 53107
1304648623 53062
1304696457 53070
1304696468 53332
1304815853 53411
1304815948 53551
1304831022 53571
1304834718 53562
1304834924 53557
1304837449 53559
1304838933 53559
1304904647 53634
1304905671 53816
1304920040 53817
1304920048 53825
1304923295 53823
1304923498 53866
1304930385 54004
1304931103 54101
1304933644 54152
1304933677 54083
1304997555 54135
1305052795 54138
1305086562 54146
1305097099 54385
1305097115 54505
1305109006 54586
1305221576 54598
1305237931 56742
1305247034 56860
1305247049 57006
1305247244 57006
1305250295 57079
1305250309 57089
1305251511 57082
1305251520 59496
1305253120 59501
1305253267 59501
1305253317 59501
1305254407 59507
1305254426 59436
1305268093 59439
1305271225 59444
1305271234 59540
1305275939 59549
1305275949 59549
1305276658 59546
1305418656 59547
1305418669 59752
1305426911 59783
1305487928 59862
1305497357 59868
1305500444 59888
1305500470 59945
1305506958 59920
1305507078 59949
1305516082 60198
1305526938 60230
1305526946 60246
1305528280 60284
1305528289 60342
1305528727 60342
1305529546 60342
1305529923 60342
1305532214 60347
1305532919 60352
1305534407 60348
1305539056 60409
1305539118 60490
1305547277 60516
1305547284 60531
1305548017 60568
1305548024 60600
1305548679 60610
1305550739 60610
1305550749 60744
1305550853 60762
1305587421 58621
1305647714 58626
1305653417 58663
1305703659 58839
1305703737 59117
1305762620 59199
1305784667 59236
1305826094 59317
1305826524 59397
1305826591 59397
1305830382 59400
1305830444 59462
1305855408 59472
1305857720 59572
1305920038 59594
1305920052 59638
1306048359 59644
1306048374 59711
1306050311 59714
1306096570 59717
1306101128 59812
1306118889 59887
1306166423 59922
1306188216 59944
1306188232 59955
1306194729 59978
1306195530 59979
1306198773 59989
1306271131 59992
1306281653 60036
1306302676 60041
1306315504 60041
1306342977 60060
